Node (, Transform: [0.000000 0.000000 0.000000] [1.000000 0.000000 0.000000] [0.000000 1.000000 0.000000] [0.000000 0.000000 1.000000])
	Node (, Transform: [0.000000 0.000000 0.000000] [1.000000 0.000000 0.000000] [0.000000 1.000000 0.000000] [0.000000 0.000000 1.000000])
		Node (Scene Root, Transform: [0.000000 0.000000 0.000000] [1.000000 0.000000 0.000000] [0.000000 1.000000 0.000000] [0.000000 0.000000 1.000000])
			Node (Regroup011, Transform: [0.000000 0.000000 0.000000] [1.000000 0.000000 0.000000] [0.000000 1.000000 0.000000] [0.000000 0.000000 1.000000])
				Mesh Holder (Regroup011, Transform: [0.000000 0.000000 0.000000] [1.000000 0.000000 0.000000] [0.000000 1.000000 0.000000] [0.000000 0.000000 1.000000])
			Node (Regroup012, Transform: [0.000000 0.000000 0.000000] [1.000000 0.000000 0.000000] [0.000000 1.000000 0.000000] [0.000000 0.000000 1.000000])
				Mesh Holder (Regroup012, Transform: [0.000000 0.000000 0.000000] [1.000000 0.000000 0.000000] [0.000000 1.000000 0.000000] [0.000000 0.000000 1.000000])
			Node (Regroup013, Transform: [0.000000 0.000000 0.000000] [1.000000 0.000000 0.000000] [0.000000 1.000000 0.000000] [0.000000 0.000000 1.000000])
				Mesh Holder (Regroup013, Transform: [0.000000 0.000000 0.000000] [1.000000 0.000000 0.000000] [0.000000 1.000000 0.000000] [0.000000 0.000000 1.000000])
			Node (Regroup014, Transform: [0.000000 0.000000 0.000000] [1.000000 0.000000 0.000000] [0.000000 1.000000 0.000000] [0.000000 0.000000 1.000000])
				Mesh Holder (Regroup014, Transform: [0.000000 0.000000 0.000000] [1.000000 0.000000 0.000000] [0.000000 1.000000 0.000000] [0.000000 0.000000 1.000000])
			Node (Regroup021, Transform: [0.000000 0.000000 0.000000] [1.000000 0.000000 0.000000] [0.000000 1.000000 0.000000] [0.000000 0.000000 1.000000])
				Mesh Holder (Regroup021, Transform: [0.000000 0.000000 0.000000] [1.000000 0.000000 0.000000] [0.000000 1.000000 0.000000] [0.000000 0.000000 1.000000])
			Node (Regroup022, Transform: [0.000000 0.000000 0.000000] [1.000000 0.000000 0.000000] [0.000000 1.000000 0.000000] [0.000000 0.000000 1.000000])
				Mesh Holder (Regroup022, Transform: [0.000000 0.000000 0.000000] [1.000000 0.000000 0.000000] [0.000000 1.000000 0.000000] [0.000000 0.000000 1.000000])
			Node (Regroup023, Transform: [0.000000 0.000000 0.000000] [1.000000 0.000000 0.000000] [0.000000 1.000000 0.000000] [0.000000 0.000000 1.000000])
				Mesh Holder (Regroup023, Transform: [0.000000 0.000000 0.000000] [1.000000 0.000000 0.000000] [0.000000 1.000000 0.000000] [0.000000 0.000000 1.000000])
			Node (Regroup031, Transform: [0.000000 0.000000 0.000000] [1.000000 0.000000 0.000000] [0.000000 1.000000 0.000000] [0.000000 0.000000 1.000000])
				Mesh Holder (Regroup031, Transform: [0.000000 0.000000 0.000000] [1.000000 0.000000 0.000000] [0.000000 1.000000 0.000000] [0.000000 0.000000 1.000000])
			Node (Regroup032, Transform: [0.000000 0.000000 0.000000] [1.000000 0.000000 0.000000] [0.000000 1.000000 0.000000] [0.000000 0.000000 1.000000])
				Mesh Holder (Regroup032, Transform: [0.000000 0.000000 0.000000] [1.000000 0.000000 0.000000] [0.000000 1.000000 0.000000] [0.000000 0.000000 1.000000])
			Node (Regroup033, Transform: [0.000000 0.000000 0.000000] [1.000000 0.000000 0.000000] [0.000000 1.000000 0.000000] [0.000000 0.000000 1.000000])
				Mesh Holder (Regroup033, Transform: [0.000000 0.000000 0.000000] [1.000000 0.000000 0.000000] [0.000000 1.000000 0.000000] [0.000000 0.000000 1.000000])
			Node (Regroup041, Transform: [0.000000 0.000000 0.000000] [1.000000 0.000000 0.000000] [0.000000 1.000000 0.000000] [0.000000 0.000000 1.000000])
				Mesh Holder (Regroup041, Transform: [0.000000 0.000000 0.000000] [1.000000 0.000000 0.000000] [0.000000 1.000000 0.000000] [0.000000 0.000000 1.000000])
			Node (Regroup042, Transform: [0.000000 0.000000 0.000000] [1.000000 0.000000 0.000000] [0.000000 1.000000 0.000000] [0.000000 0.000000 1.000000])
				Mesh Holder (Regroup042, Transform: [0.000000 0.000000 0.000000] [1.000000 0.000000 0.000000] [0.000000 1.000000 0.000000] [0.000000 0.000000 1.000000])
			Node (Regroup043, Transform: [0.000000 0.000000 0.000000] [1.000000 0.000000 0.000000] [0.000000 1.000000 0.000000] [0.000000 0.000000 1.000000])
				Mesh Holder (Regroup043, Transform: [0.000000 0.000000 0.000000] [1.000000 0.000000 0.000000] [0.000000 1.000000 0.000000] [0.000000 0.000000 1.000000])
			Node (Regroup044, Transform: [0.000000 0.000000 0.000000] [1.000000 0.000000 0.000000] [0.000000 1.000000 0.000000] [0.000000 0.000000 1.000000])
				Mesh Holder (Regroup044, Transform: [0.000000 0.000000 0.000000] [1.000000 0.000000 0.000000] [0.000000 1.000000 0.000000] [0.000000 0.000000 1.000000])
			Node (Regroup045, Transform: [0.000000 0.000000 0.000000] [1.000000 0.000000 0.000000] [0.000000 1.000000 0.000000] [0.000000 0.000000 1.000000])
				Mesh Holder (Regroup045, Transform: [0.000000 0.000000 0.000000] [1.000000 0.000000 0.000000] [0.000000 1.000000 0.000000] [0.000000 0.000000 1.000000])
			Node (Regroup046, Transform: [0.000000 0.000000 0.000000] [1.000000 0.000000 0.000000] [0.000000 1.000000 0.000000] [0.000000 0.000000 1.000000])
				Mesh Holder (Regroup046, Transform: [0.000000 0.000000 0.000000] [1.000000 0.000000 0.000000] [0.000000 1.000000 0.000000] [0.000000 0.000000 1.000000])
			Node (Regroup047, Transform: [0.000000 0.000000 0.000000] [1.000000 0.000000 0.000000] [0.000000 1.000000 0.000000] [0.000000 0.000000 1.000000])
				Mesh Holder (Regroup047, Transform: [0.000000 0.000000 0.000000] [1.000000 0.000000 0.000000] [0.000000 1.000000 0.000000] [0.000000 0.000000 1.000000])
			Node (Regroup048, Transform: [0.000000 0.000000 0.000000] [1.000000 0.000000 0.000000] [0.000000 1.000000 0.000000] [0.000000 0.000000 1.000000])
				Mesh Holder (Regroup048, Transform: [0.000000 0.000000 0.000000] [1.000000 0.000000 0.000000] [0.000000 1.000000 0.000000] [0.000000 0.000000 1.000000])
			Node (Regroup049, Transform: [0.000000 0.000000 0.000000] [1.000000 0.000000 0.000000] [0.000000 1.000000 0.000000] [0.000000 0.000000 1.000000])
				Mesh Holder (Regroup049, Transform: [0.000000 0.000000 0.000000] [1.000000 0.000000 0.000000] [0.000000 1.000000 0.000000] [0.000000 0.000000 1.000000])
			Node (Regroup010, Transform: [0.000000 0.000000 0.000000] [1.000000 0.000000 0.000000] [0.000000 1.000000 0.000000] [0.000000 0.000000 1.000000])
				Mesh Holder (Regroup010, Transform: [0.000000 0.000000 0.000000] [1.000000 0.000000 0.000000] [0.000000 1.000000 0.000000] [0.000000 0.000000 1.000000])
			Node (Regroup011, Transform: [0.000000 0.000000 0.000000] [1.000000 0.000000 0.000000] [0.000000 1.000000 0.000000] [0.000000 0.000000 1.000000])
				Mesh Holder (Regroup011, Transform: [0.000000 0.000000 0.000000] [1.000000 0.000000 0.000000] [0.000000 1.000000 0.000000] [0.000000 0.000000 1.000000])
			Node (Regroup051, Transform: [0.000000 0.000000 0.000000] [1.000000 0.000000 0.000000] [0.000000 1.000000 0.000000] [0.000000 0.000000 1.000000])
				Mesh Holder (Regroup051, Transform: [0.000000 0.000000 0.000000] [1.000000 0.000000 0.000000] [0.000000 1.000000 0.000000] [0.000000 0.000000 1.000000])
			Node (Regroup052, Transform: [0.000000 0.000000 0.000000] [1.000000 0.000000 0.000000] [0.000000 1.000000 0.000000] [0.000000 0.000000 1.000000])
				Mesh Holder (Regroup052, Transform: [0.000000 0.000000 0.000000] [1.000000 0.000000 0.000000] [0.000000 1.000000 0.000000] [0.000000 0.000000 1.000000])
			Node (Regroup061, Transform: [0.000000 0.000000 0.000000] [1.000000 0.000000 0.000000] [0.000000 1.000000 0.000000] [0.000000 0.000000 1.000000])
				Mesh Holder (Regroup061, Transform: [0.000000 0.000000 0.000000] [1.000000 0.000000 0.000000] [0.000000 1.000000 0.000000] [0.000000 0.000000 1.000000])
			Node (Regroup062, Transform: [0.000000 0.000000 0.000000] [1.000000 0.000000 0.000000] [0.000000 1.000000 0.000000] [0.000000 0.000000 1.000000])
				Mesh Holder (Regroup062, Transform: [0.000000 0.000000 0.000000] [1.000000 0.000000 0.000000] [0.000000 1.000000 0.000000] [0.000000 0.000000 1.000000])
			Node (Regroup063, Transform: [0.000000 0.000000 0.000000] [1.000000 0.000000 0.000000] [0.000000 1.000000 0.000000] [0.000000 0.000000 1.000000])
				Mesh Holder (Regroup063, Transform: [0.000000 0.000000 0.000000] [1.000000 0.000000 0.000000] [0.000000 1.000000 0.000000] [0.000000 0.000000 1.000000])
			Node (Regroup07, Transform: [0.000000 0.000000 0.000000] [1.000000 0.000000 0.000000] [0.000000 1.000000 0.000000] [0.000000 0.000000 1.000000])
				Mesh Holder (Regroup07, Transform: [0.000000 0.000000 0.000000] [1.000000 0.000000 0.000000] [0.000000 1.000000 0.000000] [0.000000 0.000000 1.000000])
			Node (Regroup081, Transform: [0.000000 0.000000 0.000000] [1.000000 0.000000 0.000000] [0.000000 1.000000 0.000000] [0.000000 0.000000 1.000000])
				Mesh Holder (Regroup081, Transform: [0.000000 0.000000 0.000000] [1.000000 0.000000 0.000000] [0.000000 1.000000 0.000000] [0.000000 0.000000 1.000000])
			Node (Regroup082, Transform: [0.000000 0.000000 0.000000] [1.000000 0.000000 0.000000] [0.000000 1.000000 0.000000] [0.000000 0.000000 1.000000])
				Mesh Holder (Regroup082, Transform: [0.000000 0.000000 0.000000] [1.000000 0.000000 0.000000] [0.000000 1.000000 0.000000] [0.000000 0.000000 1.000000])
			Node (Regroup083, Transform: [0.000000 0.000000 0.000000] [1.000000 0.000000 0.000000] [0.000000 1.000000 0.000000] [0.000000 0.000000 1.000000])
				Mesh Holder (Regroup083, Transform: [0.000000 0.000000 0.000000] [1.000000 0.000000 0.000000] [0.000000 1.000000 0.000000] [0.000000 0.000000 1.000000])
			Node (Regroup091, Transform: [0.000000 0.000000 0.000000] [1.000000 0.000000 0.000000] [0.000000 1.000000 0.000000] [0.000000 0.000000 1.000000])
				Mesh Holder (Regroup091, Transform: [0.000000 0.000000 0.000000] [1.000000 0.000000 0.000000] [0.000000 1.000000 0.000000] [0.000000 0.000000 1.000000])
			Node (Regroup092, Transform: [0.000000 0.000000 0.000000] [1.000000 0.000000 0.000000] [0.000000 1.000000 0.000000] [0.000000 0.000000 1.000000])
				Mesh Holder (Regroup092, Transform: [0.000000 0.000000 0.000000] [1.000000 0.000000 0.000000] [0.000000 1.000000 0.000000] [0.000000 0.000000 1.000000])
			Node (Regroup093, Transform: [0.000000 0.000000 0.000000] [1.000000 0.000000 0.000000] [0.000000 1.000000 0.000000] [0.000000 0.000000 1.000000])
				Mesh Holder (Regroup093, Transform: [0.000000 0.000000 0.000000] [1.000000 0.000000 0.000000] [0.000000 1.000000 0.000000] [0.000000 0.000000 1.000000])
			Node (Regroup011, Transform: [0.000000 0.000000 0.000000] [1.000000 0.000000 0.000000] [0.000000 1.000000 0.000000] [0.000000 0.000000 1.000000])
				Mesh Holder (Regroup011, Transform: [0.000000 0.000000 0.000000] [1.000000 0.000000 0.000000] [0.000000 1.000000 0.000000] [0.000000 0.000000 1.000000])
			Node (Regroup012, Transform: [0.000000 0.000000 0.000000] [1.000000 0.000000 0.000000] [0.000000 1.000000 0.000000] [0.000000 0.000000 1.000000])
				Mesh Holder (Regroup012, Transform: [0.000000 0.000000 0.000000] [1.000000 0.000000 0.000000] [0.000000 1.000000 0.000000] [0.000000 0.000000 1.000000])
			Node (Regroup013, Transform: [0.000000 0.000000 0.000000] [1.000000 0.000000 0.000000] [0.000000 1.000000 0.000000] [0.000000 0.000000 1.000000])
				Mesh Holder (Regroup013, Transform: [0.000000 0.000000 0.000000] [1.000000 0.000000 0.000000] [0.000000 1.000000 0.000000] [0.000000 0.000000 1.000000])
			Node (Regroup011, Transform: [0.000000 0.000000 0.000000] [1.000000 0.000000 0.000000] [0.000000 1.000000 0.000000] [0.000000 0.000000 1.000000])
				Mesh Holder (Regroup011, Transform: [0.000000 0.000000 0.000000] [1.000000 0.000000 0.000000] [0.000000 1.000000 0.000000] [0.000000 0.000000 1.000000])
			Node (Regroup012, Transform: [0.000000 0.000000 0.000000] [1.000000 0.000000 0.000000] [0.000000 1.000000 0.000000] [0.000000 0.000000 1.000000])
				Mesh Holder (Regroup012, Transform: [0.000000 0.000000 0.000000] [1.000000 0.000000 0.000000] [0.000000 1.000000 0.000000] [0.000000 0.000000 1.000000])
			Node (Regroup013, Transform: [0.000000 0.000000 0.000000] [1.000000 0.000000 0.000000] [0.000000 1.000000 0.000000] [0.000000 0.000000 1.000000])
				Mesh Holder (Regroup013, Transform: [0.000000 0.000000 0.000000] [1.000000 0.000000 0.000000] [0.000000 1.000000 0.000000] [0.000000 0.000000 1.000000])
			Node (Regroup011, Transform: [0.000000 0.000000 0.000000] [1.000000 0.000000 0.000000] [0.000000 1.000000 0.000000] [0.000000 0.000000 1.000000])
				Mesh Holder (Regroup011, Transform: [0.000000 0.000000 0.000000] [1.000000 0.000000 0.000000] [0.000000 1.000000 0.000000] [0.000000 0.000000 1.000000])
			Node (Regroup012, Transform: [0.000000 0.000000 0.000000] [1.000000 0.000000 0.000000] [0.000000 1.000000 0.000000] [0.000000 0.000000 1.000000])
				Mesh Holder (Regroup012, Transform: [0.000000 0.000000 0.000000] [1.000000 0.000000 0.000000] [0.000000 1.000000 0.000000] [0.000000 0.000000 1.000000])
			Node (Regroup013, Transform: [0.000000 0.000000 0.000000] [1.000000 0.000000 0.000000] [0.000000 1.000000 0.000000] [0.000000 0.000000 1.000000])
				Mesh Holder (Regroup013, Transform: [0.000000 0.000000 0.000000] [1.000000 0.000000 0.000000] [0.000000 1.000000 0.000000] [0.000000 0.000000 1.000000])
			Node (Regroup014, Transform: [0.000000 0.000000 0.000000] [1.000000 0.000000 0.000000] [0.000000 1.000000 0.000000] [0.000000 0.000000 1.000000])
				Mesh Holder (Regroup014, Transform: [0.000000 0.000000 0.000000] [1.000000 0.000000 0.000000] [0.000000 1.000000 0.000000] [0.000000 0.000000 1.000000])
			Node (Regroup011, Transform: [0.000000 0.000000 0.000000] [1.000000 0.000000 0.000000] [0.000000 1.000000 0.000000] [0.000000 0.000000 1.000000])
				Mesh Holder (Regroup011, Transform: [0.000000 0.000000 0.000000] [1.000000 0.000000 0.000000] [0.000000 1.000000 0.000000] [0.000000 0.000000 1.000000])
			Node (Regroup012, Transform: [0.000000 0.000000 0.000000] [1.000000 0.000000 0.000000] [0.000000 1.000000 0.000000] [0.000000 0.000000 1.000000])
				Mesh Holder (Regroup012, Transform: [0.000000 0.000000 0.000000] [1.000000 0.000000 0.000000] [0.000000 1.000000 0.000000] [0.000000 0.000000 1.000000])
			Node (Regroup013, Transform: [0.000000 0.000000 0.000000] [1.000000 0.000000 0.000000] [0.000000 1.000000 0.000000] [0.000000 0.000000 1.000000])
				Mesh Holder (Regroup013, Transform: [0.000000 0.000000 0.000000] [1.000000 0.000000 0.000000] [0.000000 1.000000 0.000000] [0.000000 0.000000 1.000000])
			Node (Regroup014, Transform: [0.000000 0.000000 0.000000] [1.000000 0.000000 0.000000] [0.000000 1.000000 0.000000] [0.000000 0.000000 1.000000])
				Mesh Holder (Regroup014, Transform: [0.000000 0.000000 0.000000] [1.000000 0.000000 0.000000] [0.000000 1.000000 0.000000] [0.000000 0.000000 1.000000])
			Node (Regroup015, Transform: [0.000000 0.000000 0.000000] [1.000000 0.000000 0.000000] [0.000000 1.000000 0.000000] [0.000000 0.000000 1.000000])
				Mesh Holder (Regroup015, Transform: [0.000000 0.000000 0.000000] [1.000000 0.000000 0.000000] [0.000000 1.000000 0.000000] [0.000000 0.000000 1.000000])
			Node (Regroup016, Transform: [0.000000 0.000000 0.000000] [1.000000 0.000000 0.000000] [0.000000 1.000000 0.000000] [0.000000 0.000000 1.000000])
				Mesh Holder (Regroup016, Transform: [0.000000 0.000000 0.000000] [1.000000 0.000000 0.000000] [0.000000 1.000000 0.000000] [0.000000 0.000000 1.000000])
			Node (Regroup017, Transform: [0.000000 0.000000 0.000000] [1.000000 0.000000 0.000000] [0.000000 1.000000 0.000000] [0.000000 0.000000 1.000000])
				Mesh Holder (Regroup017, Transform: [0.000000 0.000000 0.000000] [1.000000 0.000000 0.000000] [0.000000 1.000000 0.000000] [0.000000 0.000000 1.000000])
			Node (Regroup018, Transform: [0.000000 0.000000 0.000000] [1.000000 0.000000 0.000000] [0.000000 1.000000 0.000000] [0.000000 0.000000 1.000000])
				Mesh Holder (Regroup018, Transform: [0.000000 0.000000 0.000000] [1.000000 0.000000 0.000000] [0.000000 1.000000 0.000000] [0.000000 0.000000 1.000000])
			Node (Regroup019, Transform: [0.000000 0.000000 0.000000] [1.000000 0.000000 0.000000] [0.000000 1.000000 0.000000] [0.000000 0.000000 1.000000])
				Mesh Holder (Regroup019, Transform: [0.000000 0.000000 0.000000] [1.000000 0.000000 0.000000] [0.000000 1.000000 0.000000] [0.000000 0.000000 1.000000])
			Node (Regroup010, Transform: [0.000000 0.000000 0.000000] [1.000000 0.000000 0.000000] [0.000000 1.000000 0.000000] [0.000000 0.000000 1.000000])
				Mesh Holder (Regroup010, Transform: [0.000000 0.000000 0.000000] [1.000000 0.000000 0.000000] [0.000000 1.000000 0.000000] [0.000000 0.000000 1.000000])
			Node (Regroup011, Transform: [0.000000 0.000000 0.000000] [1.000000 0.000000 0.000000] [0.000000 1.000000 0.000000] [0.000000 0.000000 1.000000])
				Mesh Holder (Regroup011, Transform: [0.000000 0.000000 0.000000] [1.000000 0.000000 0.000000] [0.000000 1.000000 0.000000] [0.000000 0.000000 1.000000])
			Node (Regroup011, Transform: [0.000000 0.000000 0.000000] [1.000000 0.000000 0.000000] [0.000000 1.000000 0.000000] [0.000000 0.000000 1.000000])
				Mesh Holder (Regroup011, Transform: [0.000000 0.000000 0.000000] [1.000000 0.000000 0.000000] [0.000000 1.000000 0.000000] [0.000000 0.000000 1.000000])
			Node (Regroup012, Transform: [0.000000 0.000000 0.000000] [1.000000 0.000000 0.000000] [0.000000 1.000000 0.000000] [0.000000 0.000000 1.000000])
				Mesh Holder (Regroup012, Transform: [0.000000 0.000000 0.000000] [1.000000 0.000000 0.000000] [0.000000 1.000000 0.000000] [0.000000 0.000000 1.000000])
			Node (Regroup013, Transform: [0.000000 0.000000 0.000000] [1.000000 0.000000 0.000000] [0.000000 1.000000 0.000000] [0.000000 0.000000 1.000000])
				Mesh Holder (Regroup013, Transform: [0.000000 0.000000 0.000000] [1.000000 0.000000 0.000000] [0.000000 1.000000 0.000000] [0.000000 0.000000 1.000000])
