Node (, Transform: [0.000000 0.000000 0.000000] [1.000000 0.000000 0.000000] [0.000000 1.000000 0.000000] [0.000000 0.000000 1.000000])
	Node (, Transform: [0.000000 0.000000 0.000000] [1.000000 0.000000 0.000000] [0.000000 1.000000 0.000000] [0.000000 0.000000 1.000000])
		Node (Scene Root, Transform: [0.000000 0.000000 0.000000] [1.000000 0.000000 0.000000] [0.000000 1.000000 0.000000] [0.000000 0.000000 1.000000])
			Node (UpperHull, Transform: [0.000000 0.000000 0.000000] [1.000000 0.000000 0.000000] [0.000000 1.000000 0.000000] [0.000000 0.000000 1.000000])
				Mesh Holder (UpperHull, Transform: [0.000000 0.000000 0.000000] [1.000000 0.000000 0.000000] [0.000000 1.000000 0.000000] [0.000000 0.000000 1.000000])
			Node (body31, Transform: [0.000000 0.000000 0.000000] [1.000000 0.000000 0.000000] [0.000000 1.000000 0.000000] [0.000000 0.000000 1.000000])
				Mesh Holder (body31, Transform: [0.000000 0.000000 0.000000] [1.000000 0.000000 0.000000] [0.000000 1.000000 0.000000] [0.000000 0.000000 1.000000])
			Node (HyperdriveEngines, Transform: [0.000000 0.000000 0.000000] [1.000000 0.000000 0.000000] [0.000000 1.000000 0.000000] [0.000000 0.000000 1.000000])
				Mesh Holder (HyperdriveEngines, Transform: [0.000000 0.000000 0.000000] [1.000000 0.000000 0.000000] [0.000000 1.000000 0.000000] [0.000000 0.000000 1.000000])
			Node (UpperSupports, Transform: [0.000000 0.000000 0.000000] [1.000000 0.000000 0.000000] [0.000000 1.000000 0.000000] [0.000000 0.000000 1.000000])
				Mesh Holder (UpperSupports, Transform: [0.000000 0.000000 0.000000] [1.000000 0.000000 0.000000] [0.000000 1.000000 0.000000] [0.000000 0.000000 1.000000])
			Node (BridgeTower, Transform: [0.000000 0.000000 0.000000] [1.000000 0.000000 0.000000] [0.000000 1.000000 0.000000] [0.000000 0.000000 1.000000])
				Mesh Holder (BridgeTower, Transform: [0.000000 0.000000 0.000000] [1.000000 0.000000 0.000000] [0.000000 1.000000 0.000000] [0.000000 0.000000 1.000000])
			Node (DockingPorts, Transform: [0.000000 0.000000 0.000000] [1.000000 0.000000 0.000000] [0.000000 1.000000 0.000000] [0.000000 0.000000 1.000000])
				Mesh Holder (DockingPorts, Transform: [0.000000 0.000000 0.000000] [1.000000 0.000000 0.000000] [0.000000 1.000000 0.000000] [0.000000 0.000000 1.000000])
			Node (Windows, Transform: [0.000000 0.000000 0.000000] [1.000000 0.000000 0.000000] [0.000000 1.000000 0.000000] [0.000000 0.000000 1.000000])
				Mesh Holder (Windows, Transform: [0.000000 0.000000 0.000000] [1.000000 0.000000 0.000000] [0.000000 1.000000 0.000000] [0.000000 0.000000 1.000000])
			Node (MainWindow, Transform: [0.000000 0.000000 0.000000] [1.000000 0.000000 0.000000] [0.000000 1.000000 0.000000] [0.000000 0.000000 1.000000])
				Mesh Holder (MainWindow, Transform: [0.000000 0.000000 0.000000] [1.000000 0.000000 0.000000] [0.000000 1.000000 0.000000] [0.000000 0.000000 1.000000])
			Node (VLSMissilePacks, Transform: [0.000000 0.000000 0.000000] [1.000000 0.000000 0.000000] [0.000000 1.000000 0.000000] [0.000000 0.000000 1.000000])
				Mesh Holder (VLSMissilePacks, Transform: [0.000000 0.000000 0.000000] [1.000000 0.000000 0.000000] [0.000000 1.000000 0.000000] [0.000000 0.000000 1.000000])
			Node (RadarTower, Transform: [0.000000 0.000000 0.000000] [1.000000 0.000000 0.000000] [0.000000 1.000000 0.000000] [0.000000 0.000000 1.000000])
				Mesh Holder (RadarTower, Transform: [0.000000 0.000000 0.000000] [1.000000 0.000000 0.000000] [0.000000 1.000000 0.000000] [0.000000 0.000000 1.000000])
			Node (WingCoverPanels, Transform: [0.000000 0.000000 0.000000] [1.000000 0.000000 0.000000] [0.000000 1.000000 0.000000] [0.000000 0.000000 1.000000])
				Mesh Holder (WingCoverPanels, Transform: [0.000000 0.000000 0.000000] [1.000000 0.000000 0.000000] [0.000000 1.000000 0.000000] [0.000000 0.000000 1.000000])
			Node (RegistryBlocks, Transform: [0.000000 0.000000 0.000000] [1.000000 0.000000 0.000000] [0.000000 1.000000 0.000000] [0.000000 0.000000 1.000000])
				Mesh Holder (RegistryBlocks, Transform: [0.000000 0.000000 0.000000] [1.000000 0.000000 0.000000] [0.000000 1.000000 0.000000] [0.000000 0.000000 1.000000])
			Node (AntennaGroups, Transform: [0.000000 0.000000 0.000000] [1.000000 0.000000 0.000000] [0.000000 1.000000 0.000000] [0.000000 0.000000 1.000000])
				Mesh Holder (AntennaGroups, Transform: [0.000000 0.000000 0.000000] [1.000000 0.000000 0.000000] [0.000000 1.000000 0.000000] [0.000000 0.000000 1.000000])
			Node (Engines, Transform: [0.000000 0.000000 0.000000] [1.000000 0.000000 0.000000] [0.000000 1.000000 0.000000] [0.000000 0.000000 1.000000])
				Mesh Holder (Engines, Transform: [0.000000 0.000000 0.000000] [1.000000 0.000000 0.000000] [0.000000 1.000000 0.000000] [0.000000 0.000000 1.000000])
			Node (Doors1, Transform: [0.000000 0.000000 0.000000] [1.000000 0.000000 0.000000] [0.000000 1.000000 0.000000] [0.000000 0.000000 1.000000])
				Mesh Holder (Doors1, Transform: [0.000000 0.000000 0.000000] [1.000000 0.000000 0.000000] [0.000000 1.000000 0.000000] [0.000000 0.000000 1.000000])
			Node (Doors2, Transform: [0.000000 0.000000 0.000000] [1.000000 0.000000 0.000000] [0.000000 1.000000 0.000000] [0.000000 0.000000 1.000000])
				Mesh Holder (Doors2, Transform: [0.000000 0.000000 0.000000] [1.000000 0.000000 0.000000] [0.000000 1.000000 0.000000] [0.000000 0.000000 1.000000])
			Node (FrontSection, Transform: [0.000000 0.000000 0.000000] [1.000000 0.000000 0.000000] [0.000000 1.000000 0.000000] [0.000000 0.000000 1.000000])
				Mesh Holder (FrontSection, Transform: [0.000000 0.000000 0.000000] [1.000000 0.000000 0.000000] [0.000000 1.000000 0.000000] [0.000000 0.000000 1.000000])
			Node (UpperDetails, Transform: [0.000000 0.000000 0.000000] [1.000000 0.000000 0.000000] [0.000000 1.000000 0.000000] [0.000000 0.000000 1.000000])
				Mesh Holder (UpperDetails, Transform: [0.000000 0.000000 0.000000] [1.000000 0.000000 0.000000] [0.000000 1.000000 0.000000] [0.000000 0.000000 1.000000])
			Node (UpperPlatform, Transform: [0.000000 0.000000 0.000000] [1.000000 0.000000 0.000000] [0.000000 1.000000 0.000000] [0.000000 0.000000 1.000000])
				Mesh Holder (UpperPlatform, Transform: [0.000000 0.000000 0.000000] [1.000000 0.000000 0.000000] [0.000000 1.000000 0.000000] [0.000000 0.000000 1.000000])
			Node (SidePanels, Transform: [0.000000 0.000000 0.000000] [1.000000 0.000000 0.000000] [0.000000 1.000000 0.000000] [0.000000 0.000000 1.000000])
				Mesh Holder (SidePanels, Transform: [0.000000 0.000000 0.000000] [1.000000 0.000000 0.000000] [0.000000 1.000000 0.000000] [0.000000 0.000000 1.000000])
			Node (UndersideDetails, Transform: [0.000000 0.000000 0.000000] [1.000000 0.000000 0.000000] [0.000000 1.000000 0.000000] [0.000000 0.000000 1.000000])
				Mesh Holder (UndersideDetails, Transform: [0.000000 0.000000 0.000000] [1.000000 0.000000 0.000000] [0.000000 1.000000 0.000000] [0.000000 0.000000 1.000000])
			Node (Details2, Transform: [0.000000 0.000000 0.000000] [1.000000 0.000000 0.000000] [0.000000 1.000000 0.000000] [0.000000 0.000000 1.000000])
				Mesh Holder (Details2, Transform: [0.000000 0.000000 0.000000] [1.000000 0.000000 0.000000] [0.000000 1.000000 0.000000] [0.000000 0.000000 1.000000])
			Node (Details3, Transform: [0.000000 0.000000 0.000000] [1.000000 0.000000 0.000000] [0.000000 1.000000 0.000000] [0.000000 0.000000 1.000000])
				Mesh Holder (Details3, Transform: [0.000000 0.000000 0.000000] [1.000000 0.000000 0.000000] [0.000000 1.000000 0.000000] [0.000000 0.000000 1.000000])
			Node (UnderNoseDetail, Transform: [0.000000 0.000000 0.000000] [1.000000 0.000000 0.000000] [0.000000 1.000000 0.000000] [0.000000 0.000000 1.000000])
				Mesh Holder (UnderNoseDetail, Transform: [0.000000 0.000000 0.000000] [1.000000 0.000000 0.000000] [0.000000 1.000000 0.000000] [0.000000 0.000000 1.000000])
			Node (FrontGroup, Transform: [0.000000 0.000000 0.000000] [1.000000 0.000000 0.000000] [0.000000 1.000000 0.000000] [0.000000 0.000000 1.000000])
				Mesh Holder (FrontGroup, Transform: [0.000000 0.000000 0.000000] [1.000000 0.000000 0.000000] [0.000000 1.000000 0.000000] [0.000000 0.000000 1.000000])
			Node (EngineThrusts, Transform: [0.000000 0.000000 0.000000] [1.000000 0.000000 0.000000] [0.000000 1.000000 0.000000] [0.000000 0.000000 1.000000])
				Mesh Holder (EngineThrusts, Transform: [0.000000 0.000000 0.000000] [1.000000 0.000000 0.000000] [0.000000 1.000000 0.000000] [0.000000 0.000000 1.000000])
			Node (RailsAndRidges, Transform: [0.000000 0.000000 0.000000] [1.000000 0.000000 0.000000] [0.000000 1.000000 0.000000] [0.000000 0.000000 1.000000])
				Mesh Holder (RailsAndRidges, Transform: [0.000000 0.000000 0.000000] [1.000000 0.000000 0.000000] [0.000000 1.000000 0.000000] [0.000000 0.000000 1.000000])
			Node (Details1, Transform: [0.000000 0.000000 0.000000] [1.000000 0.000000 0.000000] [0.000000 1.000000 0.000000] [0.000000 0.000000 1.000000])
				Mesh Holder (Details1, Transform: [0.000000 0.000000 0.000000] [1.000000 0.000000 0.000000] [0.000000 1.000000 0.000000] [0.000000 0.000000 1.000000])
			Node (BridgeTower2, Transform: [0.000000 0.000000 0.000000] [1.000000 0.000000 0.000000] [0.000000 1.000000 0.000000] [0.000000 0.000000 1.000000])
				Mesh Holder (BridgeTower2, Transform: [0.000000 0.000000 0.000000] [1.000000 0.000000 0.000000] [0.000000 1.000000 0.000000] [0.000000 0.000000 1.000000])
			Node (RadarTower2, Transform: [0.000000 0.000000 0.000000] [1.000000 0.000000 0.000000] [0.000000 1.000000 0.000000] [0.000000 0.000000 1.000000])
				Mesh Holder (RadarTower2, Transform: [0.000000 0.000000 0.000000] [1.000000 0.000000 0.000000] [0.000000 1.000000 0.000000] [0.000000 0.000000 1.000000])
			Node (FrontGroup2, Transform: [0.000000 0.000000 0.000000] [1.000000 0.000000 0.000000] [0.000000 1.000000 0.000000] [0.000000 0.000000 1.000000])
				Mesh Holder (FrontGroup2, Transform: [0.000000 0.000000 0.000000] [1.000000 0.000000 0.000000] [0.000000 1.000000 0.000000] [0.000000 0.000000 1.000000])
			Node (Detail4, Transform: [0.000000 0.000000 0.000000] [1.000000 0.000000 0.000000] [0.000000 1.000000 0.000000] [0.000000 0.000000 1.000000])
				Mesh Holder (Detail4, Transform: [0.000000 0.000000 0.000000] [1.000000 0.000000 0.000000] [0.000000 1.000000 0.000000] [0.000000 0.000000 1.000000])
			Node (WingSpikes, Transform: [0.000000 0.000000 0.000000] [1.000000 0.000000 0.000000] [0.000000 1.000000 0.000000] [0.000000 0.000000 1.000000])
				Mesh Holder (WingSpikes, Transform: [0.000000 0.000000 0.000000] [1.000000 0.000000 0.000000] [0.000000 1.000000 0.000000] [0.000000 0.000000 1.000000])
			Node (SideSymbols, Transform: [0.000000 0.000000 0.000000] [1.000000 0.000000 0.000000] [0.000000 1.000000 0.000000] [0.000000 0.000000 1.000000])
				Mesh Holder (SideSymbols, Transform: [0.000000 0.000000 0.000000] [1.000000 0.000000 0.000000] [0.000000 1.000000 0.000000] [0.000000 0.000000 1.000000])
			Node (MoreUpper, Transform: [0.000000 0.000000 0.000000] [1.000000 0.000000 0.000000] [0.000000 1.000000 0.000000] [0.000000 0.000000 1.000000])
				Mesh Holder (MoreUpper, Transform: [0.000000 0.000000 0.000000] [1.000000 0.000000 0.000000] [0.000000 1.000000 0.000000] [0.000000 0.000000 1.000000])
			Node (BridgeSupports, Transform: [0.000000 0.000000 0.000000] [1.000000 0.000000 0.000000] [0.000000 1.000000 0.000000] [0.000000 0.000000 1.000000])
				Mesh Holder (BridgeSupports, Transform: [0.000000 0.000000 0.000000] [1.000000 0.000000 0.000000] [0.000000 1.000000 0.000000] [0.000000 0.000000 1.000000])
			Node (WingLights, Transform: [0.000000 0.000000 0.000000] [1.000000 0.000000 0.000000] [0.000000 1.000000 0.000000] [0.000000 0.000000 1.000000])
				Mesh Holder (WingLights, Transform: [0.000000 0.000000 0.000000] [1.000000 0.000000 0.000000] [0.000000 1.000000 0.000000] [0.000000 0.000000 1.000000])
			Node (LaunchLights, Transform: [0.000000 0.000000 0.000000] [1.000000 0.000000 0.000000] [0.000000 1.000000 0.000000] [0.000000 0.000000 1.000000])
				Mesh Holder (LaunchLights, Transform: [0.000000 0.000000 0.000000] [1.000000 0.000000 0.000000] [0.000000 1.000000 0.000000] [0.000000 0.000000 1.000000])
			Node (Details5, Transform: [0.000000 0.000000 0.000000] [1.000000 0.000000 0.000000] [0.000000 1.000000 0.000000] [0.000000 0.000000 1.000000])
				Mesh Holder (Details5, Transform: [0.000000 0.000000 0.000000] [1.000000 0.000000 0.000000] [0.000000 1.000000 0.000000] [0.000000 0.000000 1.000000])
			Node (EngineBlocks, Transform: [0.000000 0.000000 0.000000] [1.000000 0.000000 0.000000] [0.000000 1.000000 0.000000] [0.000000 0.000000 1.000000])
				Mesh Holder (EngineBlocks, Transform: [0.000000 0.000000 0.000000] [1.000000 0.000000 0.000000] [0.000000 1.000000 0.000000] [0.000000 0.000000 1.000000])
			Node (FrontBlock, Transform: [0.000000 0.000000 0.000000] [1.000000 0.000000 0.000000] [0.000000 1.000000 0.000000] [0.000000 0.000000 1.000000])
				Mesh Holder (FrontBlock, Transform: [0.000000 0.000000 0.000000] [1.000000 0.000000 0.000000] [0.000000 1.000000 0.000000] [0.000000 0.000000 1.000000])
			Node (AddedBits, Transform: [0.000000 0.000000 0.000000] [1.000000 0.000000 0.000000] [0.000000 1.000000 0.000000] [0.000000 0.000000 1.000000])
				Mesh Holder (AddedBits, Transform: [0.000000 0.000000 0.000000] [1.000000 0.000000 0.000000] [0.000000 1.000000 0.000000] [0.000000 0.000000 1.000000])
			Node (MainUpperHull, Transform: [0.000000 0.000000 0.000000] [1.000000 0.000000 0.000000] [0.000000 1.000000 0.000000] [0.000000 0.000000 1.000000])
				Mesh Holder (MainUpperHull, Transform: [0.000000 0.000000 0.000000] [1.000000 0.000000 0.000000] [0.000000 1.000000 0.000000] [0.000000 0.000000 1.000000])
			Node (Base, Transform: [0.000000 0.000000 0.000000] [1.000000 0.000000 0.000000] [0.000000 1.000000 0.000000] [0.000000 0.000000 1.000000])
				Mesh Holder (Base, Transform: [0.000000 0.000000 0.000000] [1.000000 0.000000 0.000000] [0.000000 1.000000 0.000000] [0.000000 0.000000 1.000000])
			Node (UpperWings, Transform: [0.000000 0.000000 0.000000] [1.000000 0.000000 0.000000] [0.000000 1.000000 0.000000] [0.000000 0.000000 1.000000])
				Mesh Holder (UpperWings, Transform: [0.000000 0.000000 0.000000] [1.000000 0.000000 0.000000] [0.000000 1.000000 0.000000] [0.000000 0.000000 1.000000])
			Node (Wings, Transform: [0.000000 0.000000 0.000000] [1.000000 0.000000 0.000000] [0.000000 1.000000 0.000000] [0.000000 0.000000 1.000000])
				Mesh Holder (Wings, Transform: [0.000000 0.000000 0.000000] [1.000000 0.000000 0.000000] [0.000000 1.000000 0.000000] [0.000000 0.000000 1.000000])
			Node (MainHullRight, Transform: [0.000000 0.000000 0.000000] [1.000000 0.000000 0.000000] [0.000000 1.000000 0.000000] [0.000000 0.000000 1.000000])
				Mesh Holder (MainHullRight, Transform: [0.000000 0.000000 0.000000] [1.000000 0.000000 0.000000] [0.000000 1.000000 0.000000] [0.000000 0.000000 1.000000])
			Node (MainHullLeft, Transform: [0.000000 0.000000 0.000000] [1.000000 0.000000 0.000000] [0.000000 1.000000 0.000000] [0.000000 0.000000 1.000000])
				Mesh Holder (MainHullLeft, Transform: [0.000000 0.000000 0.000000] [1.000000 0.000000 0.000000] [0.000000 1.000000 0.000000] [0.000000 0.000000 1.000000])
			Node (MainFrontUpper, Transform: [0.000000 0.000000 0.000000] [1.000000 0.000000 0.000000] [0.000000 1.000000 0.000000] [0.000000 0.000000 1.000000])
				Mesh Holder (MainFrontUpper, Transform: [0.000000 0.000000 0.000000] [1.000000 0.000000 0.000000] [0.000000 1.000000 0.000000] [0.000000 0.000000 1.000000])
			Node (MainFrontLower, Transform: [0.000000 0.000000 0.000000] [1.000000 0.000000 0.000000] [0.000000 1.000000 0.000000] [0.000000 0.000000 1.000000])
				Mesh Holder (MainFrontLower, Transform: [0.000000 0.000000 0.000000] [1.000000 0.000000 0.000000] [0.000000 1.000000 0.000000] [0.000000 0.000000 1.000000])
			Node (MainBody, Transform: [0.000000 0.000000 0.000000] [1.000000 0.000000 0.000000] [0.000000 1.000000 0.000000] [0.000000 0.000000 1.000000])
				Mesh Holder (MainBody, Transform: [0.000000 0.000000 0.000000] [1.000000 0.000000 0.000000] [0.000000 1.000000 0.000000] [0.000000 0.000000 1.000000])
			Node (RandomGroupBits, Transform: [0.000000 0.000000 0.000000] [1.000000 0.000000 0.000000] [0.000000 1.000000 0.000000] [0.000000 0.000000 1.000000])
				Mesh Holder (RandomGroupBits, Transform: [0.000000 0.000000 0.000000] [1.000000 0.000000 0.000000] [0.000000 1.000000 0.000000] [0.000000 0.000000 1.000000])
			Node (UnderParts, Transform: [0.000000 0.000000 0.000000] [1.000000 0.000000 0.000000] [0.000000 1.000000 0.000000] [0.000000 0.000000 1.000000])
				Mesh Holder (UnderParts, Transform: [0.000000 0.000000 0.000000] [1.000000 0.000000 0.000000] [0.000000 1.000000 0.000000] [0.000000 0.000000 1.000000])
			Node (CylinderDetailThings, Transform: [0.000000 0.000000 0.000000] [1.000000 0.000000 0.000000] [0.000000 1.000000 0.000000] [0.000000 0.000000 1.000000])
				Mesh Holder (CylinderDetailThings, Transform: [0.000000 0.000000 0.000000] [1.000000 0.000000 0.000000] [0.000000 1.000000 0.000000] [0.000000 0.000000 1.000000])
			Node (Back, Transform: [0.000000 0.000000 0.000000] [1.000000 0.000000 0.000000] [0.000000 1.000000 0.000000] [0.000000 0.000000 1.000000])
				Mesh Holder (Back, Transform: [0.000000 0.000000 0.000000] [1.000000 0.000000 0.000000] [0.000000 1.000000 0.000000] [0.000000 0.000000 1.000000])
			Node (BridgeWindows, Transform: [0.000000 0.000000 0.000000] [1.000000 0.000000 0.000000] [0.000000 1.000000 0.000000] [0.000000 0.000000 1.000000])
				Mesh Holder (BridgeWindows, Transform: [0.000000 0.000000 0.000000] [1.000000 0.000000 0.000000] [0.000000 1.000000 0.000000] [0.000000 0.000000 1.000000])
			Node (ReturnHangers, Transform: [0.000000 0.000000 0.000000] [1.000000 0.000000 0.000000] [0.000000 1.000000 0.000000] [0.000000 0.000000 1.000000])
				Mesh Holder (ReturnHangers, Transform: [0.000000 0.000000 0.000000] [1.000000 0.000000 0.000000] [0.000000 1.000000 0.000000] [0.000000 0.000000 1.000000])
			Node (BottomThingybob, Transform: [0.000000 0.000000 0.000000] [1.000000 0.000000 0.000000] [0.000000 1.000000 0.000000] [0.000000 0.000000 1.000000])
				Mesh Holder (BottomThingybob, Transform: [0.000000 0.000000 0.000000] [1.000000 0.000000 0.000000] [0.000000 1.000000 0.000000] [0.000000 0.000000 1.000000])
			Node (UnderLights, Transform: [0.000000 0.000000 0.000000] [1.000000 0.000000 0.000000] [0.000000 1.000000 0.000000] [0.000000 0.000000 1.000000])
				Mesh Holder (UnderLights, Transform: [0.000000 0.000000 0.000000] [1.000000 0.000000 0.000000] [0.000000 1.000000 0.000000] [0.000000 0.000000 1.000000])
			Node (SupportBolts, Transform: [0.000000 0.000000 0.000000] [1.000000 0.000000 0.000000] [0.000000 1.000000 0.000000] [0.000000 0.000000 1.000000])
				Mesh Holder (SupportBolts, Transform: [0.000000 0.000000 0.000000] [1.000000 0.000000 0.000000] [0.000000 1.000000 0.000000] [0.000000 0.000000 1.000000])
			Node (OtherSupportBolts, Transform: [0.000000 0.000000 0.000000] [1.000000 0.000000 0.000000] [0.000000 1.000000 0.000000] [0.000000 0.000000 1.000000])
				Mesh Holder (OtherSupportBolts, Transform: [0.000000 0.000000 0.000000] [1.000000 0.000000 0.000000] [0.000000 1.000000 0.000000] [0.000000 0.000000 1.000000])
			Node (WingParts, Transform: [0.000000 0.000000 0.000000] [1.000000 0.000000 0.000000] [0.000000 1.000000 0.000000] [0.000000 0.000000 1.000000])
				Mesh Holder (WingParts, Transform: [0.000000 0.000000 0.000000] [1.000000 0.000000 0.000000] [0.000000 1.000000 0.000000] [0.000000 0.000000 1.000000])
			Node (RailGuns, Transform: [0.000000 0.000000 0.000000] [1.000000 0.000000 0.000000] [0.000000 1.000000 0.000000] [0.000000 0.000000 1.000000])
				Mesh Holder (RailGuns, Transform: [0.000000 0.000000 0.000000] [1.000000 0.000000 0.000000] [0.000000 1.000000 0.000000] [0.000000 0.000000 1.000000])
