Node (, Transform: [0.000000 0.000000 0.000000] [1.000000 0.000000 0.000000] [0.000000 1.000000 0.000000] [0.000000 0.000000 1.000000])
	Node (, Transform: [0.000000 0.000000 0.000000] [1.000000 0.000000 0.000000] [0.000000 1.000000 0.000000] [0.000000 0.000000 1.000000])
		Node (Scene Root, Transform: [0.000000 0.000000 0.000000] [1.000000 0.000000 0.000000] [0.000000 1.000000 0.000000] [0.000000 0.000000 1.000000])
			Node (7_onielb, Transform: [0.000000 0.000000 0.000000] [1.000000 0.000000 0.000000] [0.000000 1.000000 0.000000] [0.000000 0.000000 1.000000])
				Mesh Holder (7_onielb, Transform: [0.000000 0.000000 0.000000] [1.000000 0.000000 0.000000] [0.000000 1.000000 0.000000] [0.000000 0.000000 1.000000])
			Node (9_oneil, Transform: [0.000000 0.000000 0.000000] [1.000000 0.000000 0.000000] [0.000000 1.000000 0.000000] [0.000000 0.000000 1.000000])
				Mesh Holder (9_oneil, Transform: [0.000000 0.000000 0.000000] [1.000000 0.000000 0.000000] [0.000000 1.000000 0.000000] [0.000000 0.000000 1.000000])
			Node (10_onielf, Transform: [0.000000 0.000000 0.000000] [1.000000 0.000000 0.000000] [0.000000 1.000000 0.000000] [0.000000 0.000000 1.000000])
				Mesh Holder (10_onielf, Transform: [0.000000 0.000000 0.000000] [1.000000 0.000000 0.000000] [0.000000 1.000000 0.000000] [0.000000 0.000000 1.000000])
			Node (UnderDetail, Transform: [0.000000 0.000000 0.000000] [1.000000 0.000000 0.000000] [0.000000 1.000000 0.000000] [0.000000 0.000000 1.000000])
				Mesh Holder (UnderDetail, Transform: [0.000000 0.000000 0.000000] [1.000000 0.000000 0.000000] [0.000000 1.000000 0.000000] [0.000000 0.000000 1.000000])
			Node (Regr2dfgs, Transform: [0.000000 0.000000 0.000000] [1.000000 0.000000 0.000000] [0.000000 1.000000 0.000000] [0.000000 0.000000 1.000000])
				Mesh Holder (Regr2dfgs, Transform: [0.000000 0.000000 0.000000] [1.000000 0.000000 0.000000] [0.000000 1.000000 0.000000] [0.000000 0.000000 1.000000])
			Node (Regfrefzbf, Transform: [0.000000 0.000000 0.000000] [1.000000 0.000000 0.000000] [0.000000 1.000000 0.000000] [0.000000 0.000000 1.000000])
				Mesh Holder (Regfrefzbf, Transform: [0.000000 0.000000 0.000000] [1.000000 0.000000 0.000000] [0.000000 1.000000 0.000000] [0.000000 0.000000 1.000000])
			Node (fdadf02, Transform: [0.000000 0.000000 0.000000] [1.000000 0.000000 0.000000] [0.000000 1.000000 0.000000] [0.000000 0.000000 1.000000])
				Mesh Holder (fdadf02, Transform: [0.000000 0.000000 0.000000] [1.000000 0.000000 0.000000] [0.000000 1.000000 0.000000] [0.000000 0.000000 1.000000])
			Node (Regroup03, Transform: [0.000000 0.000000 0.000000] [1.000000 0.000000 0.000000] [0.000000 1.000000 0.000000] [0.000000 0.000000 1.000000])
				Mesh Holder (Regroup03, Transform: [0.000000 0.000000 0.000000] [1.000000 0.000000 0.000000] [0.000000 1.000000 0.000000] [0.000000 0.000000 1.000000])
			Node (Regroup04, Transform: [0.000000 0.000000 0.000000] [1.000000 0.000000 0.000000] [0.000000 1.000000 0.000000] [0.000000 0.000000 1.000000])
				Mesh Holder (Regroup04, Transform: [0.000000 0.000000 0.000000] [1.000000 0.000000 0.000000] [0.000000 1.000000 0.000000] [0.000000 0.000000 1.000000])
			Node (Regroup11, Transform: [0.000000 0.000000 0.000000] [1.000000 0.000000 0.000000] [0.000000 1.000000 0.000000] [0.000000 0.000000 1.000000])
				Mesh Holder (Regroup11, Transform: [0.000000 0.000000 0.000000] [1.000000 0.000000 0.000000] [0.000000 1.000000 0.000000] [0.000000 0.000000 1.000000])
			Node (Regroup12, Transform: [0.000000 0.000000 0.000000] [1.000000 0.000000 0.000000] [0.000000 1.000000 0.000000] [0.000000 0.000000 1.000000])
				Mesh Holder (Regroup12, Transform: [0.000000 0.000000 0.000000] [1.000000 0.000000 0.000000] [0.000000 1.000000 0.000000] [0.000000 0.000000 1.000000])
			Node (Regroup01, Transform: [0.000000 0.000000 0.000000] [1.000000 0.000000 0.000000] [0.000000 1.000000 0.000000] [0.000000 0.000000 1.000000])
				Mesh Holder (Regroup01, Transform: [0.000000 0.000000 0.000000] [1.000000 0.000000 0.000000] [0.000000 1.000000 0.000000] [0.000000 0.000000 1.000000])
