Node (, Transform: [0.000000 0.000000 0.000000] [1.000000 0.000000 0.000000] [0.000000 1.000000 0.000000] [0.000000 0.000000 1.000000])
	Node (, Transform: [0.000000 0.000000 0.000000] [1.000000 0.000000 0.000000] [0.000000 1.000000 0.000000] [0.000000 0.000000 1.000000])
		Node (Scene Root, Transform: [0.000000 0.000000 0.000000] [1.000000 0.000000 0.000000] [0.000000 1.000000 0.000000] [0.000000 0.000000 1.000000])
			Node (colshtl2co, Transform: [0.000000 0.000000 0.000000] [1.000000 0.000000 0.000000] [0.000000 1.000000 0.000000] [0.000000 0.000000 1.000000])
				Mesh Holder (colshtl2co, Transform: [0.000000 0.000000 0.000000] [1.000000 0.000000 0.000000] [0.000000 1.000000 0.000000] [0.000000 0.000000 1.000000])
			Node (AfterBurners, Transform: [0.000000 0.000000 0.000000] [1.000000 0.000000 0.000000] [0.000000 1.000000 0.000000] [0.000000 0.000000 1.000000])
				Mesh Holder (AfterBurners, Transform: [0.000000 0.000000 0.000000] [1.000000 0.000000 0.000000] [0.000000 1.000000 0.000000] [0.000000 0.000000 1.000000])
			Node (Duplicate01, Transform: [0.000000 0.000000 0.000000] [1.000000 0.000000 0.000000] [0.000000 1.000000 0.000000] [0.000000 0.000000 1.000000])
				Mesh Holder (Duplicate01, Transform: [0.000000 0.000000 0.000000] [1.000000 0.000000 0.000000] [0.000000 1.000000 0.000000] [0.000000 0.000000 1.000000])
			Node (Duplicate02, Transform: [0.000000 0.000000 0.000000] [1.000000 0.000000 0.000000] [0.000000 1.000000 0.000000] [0.000000 0.000000 1.000000])
				Mesh Holder (Duplicate02, Transform: [0.000000 0.000000 0.000000] [1.000000 0.000000 0.000000] [0.000000 1.000000 0.000000] [0.000000 0.000000 1.000000])
			Node (Duplicate03, Transform: [0.000000 0.000000 0.000000] [1.000000 0.000000 0.000000] [0.000000 1.000000 0.000000] [0.000000 0.000000 1.000000])
				Mesh Holder (Duplicate03, Transform: [0.000000 0.000000 0.000000] [1.000000 0.000000 0.000000] [0.000000 1.000000 0.000000] [0.000000 0.000000 1.000000])
