Node (, Transform: [0.000000 0.000000 0.000000] [1.000000 0.000000 0.000000] [0.000000 1.000000 0.000000] [0.000000 0.000000 1.000000])
	Node (, Transform: [0.000000 0.000000 0.000000] [1.000000 0.000000 0.000000] [0.000000 1.000000 0.000000] [0.000000 0.000000 1.000000])
		Node (Scene Root, Transform: [0.000000 0.000000 0.000000] [1.000000 0.000000 0.000000] [0.000000 1.000000 0.000000] [0.000000 0.000000 1.000000])
			Node (30_wing, Transform: [0.000000 0.000000 0.000000] [1.000000 0.000000 0.000000] [0.000000 1.000000 0.000000] [0.000000 0.000000 1.000000])
				Mesh Holder (30_wing, Transform: [0.000000 0.000000 0.000000] [1.000000 0.000000 0.000000] [0.000000 1.000000 0.000000] [0.000000 0.000000 1.000000])
			Node (1_bubblesside, Transform: [0.000000 0.000000 0.000000] [1.000000 0.000000 0.000000] [0.000000 1.000000 0.000000] [0.000000 0.000000 1.000000])
				Mesh Holder (1_bubblesside, Transform: [0.000000 0.000000 0.000000] [1.000000 0.000000 0.000000] [0.000000 1.000000 0.000000] [0.000000 0.000000 1.000000])
			Node (10_bubbles, Transform: [0.000000 0.000000 0.000000] [1.000000 0.000000 0.000000] [0.000000 1.000000 0.000000] [0.000000 0.000000 1.000000])
				Mesh Holder (10_bubbles, Transform: [0.000000 0.000000 0.000000] [1.000000 0.000000 0.000000] [0.000000 1.000000 0.000000] [0.000000 0.000000 1.000000])
			Node (15_head, Transform: [0.000000 0.000000 0.000000] [1.000000 0.000000 0.000000] [0.000000 1.000000 0.000000] [0.000000 0.000000 1.000000])
				Mesh Holder (15_head, Transform: [0.000000 0.000000 0.000000] [1.000000 0.000000 0.000000] [0.000000 1.000000 0.000000] [0.000000 0.000000 1.000000])
			Node (20_hardpoint1, Transform: [0.000000 0.000000 0.000000] [1.000000 0.000000 0.000000] [0.000000 1.000000 0.000000] [0.000000 0.000000 1.000000])
				Mesh Holder (20_hardpoint1, Transform: [0.000000 0.000000 0.000000] [1.000000 0.000000 0.000000] [0.000000 1.000000 0.000000] [0.000000 0.000000 1.000000])
			Node (21_bigbubwing, Transform: [0.000000 0.000000 0.000000] [1.000000 0.000000 0.000000] [0.000000 1.000000 0.000000] [0.000000 0.000000 1.000000])
				Mesh Holder (21_bigbubwing, Transform: [0.000000 0.000000 0.000000] [1.000000 0.000000 0.000000] [0.000000 1.000000 0.000000] [0.000000 0.000000 1.000000])
			Node (40_tale, Transform: [0.000000 0.000000 0.000000] [1.000000 0.000000 0.000000] [0.000000 1.000000 0.000000] [0.000000 0.000000 1.000000])
				Mesh Holder (40_tale, Transform: [0.000000 0.000000 0.000000] [1.000000 0.000000 0.000000] [0.000000 1.000000 0.000000] [0.000000 0.000000 1.000000])
			Node (80_hulltop, Transform: [0.000000 0.000000 0.000000] [1.000000 0.000000 0.000000] [0.000000 1.000000 0.000000] [0.000000 0.000000 1.000000])
				Mesh Holder (80_hulltop, Transform: [0.000000 0.000000 0.000000] [1.000000 0.000000 0.000000] [0.000000 1.000000 0.000000] [0.000000 0.000000 1.000000])
